25690125
22544427
27787324
20971601
27787392
26738819
20447462
20447626
21496248
29360736
22020752
24117914
26739373
26215131
28836590
23593754
23069557
20972415
28836752
22021057
23593951
22545400
27788326
28312622
28836921
22545566
29361318
26215624
28837088
24642826
25691427
26740121
29886011
24118845
22545984
22021723
24643242
29361876
22021853
26216160
28313326
26216294
20973419
22546310
29362083
29362084
28313523
26740960
23071013
22546777
24119653
20973946
25692616
26217067
23071473
24644377
24120170
24120202
20974515
29887428
25693135
24120297
25168886
28314637
25168917
21498916
22023240
27266126
22547594
21499077
20450501
20450542
22023478
29887839
29887841
29887857
29363588
25169449
26742328
20975189
25693807
27790961
22548157
28315402
25693981
27791156
28839731
22024032
28839788
28315557
29888423
26218423
20975566
26742912
26218626
28315831
26743026
22548759
22548796
26743109
21500267
23073140
23597473
27791786
27267524
23073226
22024828
25170573
24646353
24122155
26219328
25695080
29365163
24646582
29889534
26219558
24122478
28841172
27268352
24647141
20977157
24647418
26744582
26220298
28841945
29890534
26220588
24647761
28317800
27793522
28842099
25696406
25696451
28317898
20453584
27793655
29890807
27269403
27793764
27269479
23599484
20978050
25696734
24123893
24123939
29891131
24124125
29367008
27794160
20454144
22027025
21502754
28842792
20454189
25697213
24124397
23600161
26221716
26221808
20454796
26222089
23076371
28319348
26746546
27270931
22552433
22028155
20455307
27271057
26746776
20979675
26746850
