23592996
27787324
22020219
20447462
21496248
29884931
28836457
26215056
22020752
25690768
26739373
26215131
23593754
23069557
20972415
28836752
22021057
20448246
22545400
28312622
22545566
29361318
29885862
27264446
22545984
22021723
24643202
29361842
28313326
21497645
23594817
26740572
24119162
29362084
22546481
24643699
23071013
24119653
27265394
22546823
25168359
29362735
24119907
20974298
23071473
23595767
22547201
27790205
25693135
20450266
28314637
28314693
27266126
22023308
21499077
20450542
24644893
29887839
29887841
20974997
21499302
29363721
20975139
26742328
20975189
29363944
28315478
28839788
23072659
29888423
26218423
24645575
26218626
27267225
20451527
26218707
26218791
29888831
26743109
27267435
23073140
23597440
27791786
26743310
25694739
29889162
25170573
24646293
29364896
24646400
20452127
23073671
29365163
24646582
28316764
29365343
24122478
24646800
21501080
26219704
27268352
23074175
25171352
24647107
24647141
26744535
27269026
21501880
24123355
29890534
20977650
27269114
26220588
28842082
28842099
23599234
28317898
20453584
22026506
26220899
24123852
25696734
20453861
24123893
24123906
24123939
23075535
29367008
27794160
20454144
21502754
28842792
24648669
22551558
23600161
21503033
22551724
29891783
20978974
28843322
26222086
26222089
25173541
28319348
26746546
25698068
24649560
22552433
20455307
27271057
26746850
